престиж 1.50 139.5 1 1
престиж 1.50 139.5 1 2
престиж 1.50 139.5 1 3
престиж 1.50 139.5 1 4
престиж 1.50 139.5 1 5
престиж 1.50 139.5 1 6
престиж 1.50 139.5 1 7
престиж 1.50 139.5 1 8
престиж 1.50 139.5 1 9
престиж 1.50 139.5 1 10
престиж 1.50 136.5 2 1
престиж 1.50 136.5 2 2
престиж 1.50 136.5 2 3
престиж 1.50 136.5 2 4
престиж 1.50 136.5 2 5
престиж 1.50 136.5 2 6
престиж 1.50 136.5 2 7
престиж 1.50 136.5 2 8
престиж 1.50 136.5 2 9
престиж 1.50 136.5 2 10
гладиатор 3.50 133.5 1 1
гладиатор 3.50 133.5 1 2
гладиатор 3.50 133.5 1 3
гладиатор 3.50 133.5 1 4
гладиатор 3.50 133.5 1 5
гладиатор 3.50 133.5 1 6
гладиатор 3.50 133.5 1 7
гладиатор 3.50 133.5 1 8
гладиатор 3.50 133.5 1 9
гладиатор 3.50 133.5 1 10
гладиатор 3.50 130.5 2 1
гладиатор 3.50 130.5 2 2
гладиатор 3.50 130.5 2 3
гладиатор 3.50 130.5 2 4
гладиатор 3.50 130.5 2 5
гладиатор 3.50 130.5 2 6
гладиатор 3.50 130.5 2 7
гладиатор 3.50 130.5 2 8
гладиатор 3.50 130.5 2 9
гладиатор 3.50 130.5 2 10